{
	"accessors": [
		{
			"bufferView": 0,
			"byteOffset": 0,
			"componentType": 5123,
			"count": 142305,
			"max": [
				27033.0
			],
			"min": [
				0.0
			],
			"type": "SCALAR"
		},
		{
			"bufferView": 1,
			"byteOffset": 0,
			"componentType": 5126,
			"count": 27034,
			"max": [
				1.0,
				1.0,
				1.0
			],
			"min": [
				-1.0,
				-1.0,
				-1.0
			],
			"type": "VEC3"
		},
		{
			"bufferView": 2,
			"byteOffset": 0,
			"componentType": 5126,
			"count": 27034,
			"max": [
				54.527652740478516,
				35.98731994628906,
				181.17640686035156
			],
			"min": [
				-66.49467468261719,
				-37.914878845214844,
				0.008895397186279297
			],
			"type": "VEC3"
		},
		{
			"bufferView": 3,
			"byteOffset": 0,
			"componentType": 5126,
			"count": 27034,
			"max": [
				0.9665012955665588,
				1.0
			],
			"min": [
				0.0,
				1.1324882507324219e-06
			],
			"type": "VEC2"
		}
	],
	"asset": {
		"extras": {
			"created": "Mon Dec 25 15:08:34 2023"
		},
		"generator": "Gestaltor 2023.1.0 Titan Professional",
		"version": "2.0"
	},
	"bufferViews": [
		{
			"buffer": 0,
			"byteLength": 284610,
			"byteOffset": 0
		},
		{
			"buffer": 0,
			"byteLength": 324408,
			"byteOffset": 284612
		},
		{
			"buffer": 0,
			"byteLength": 324408,
			"byteOffset": 609020
		},
		{
			"buffer": 0,
			"byteLength": 216272,
			"byteOffset": 933428
		}
	],
	"buffers": [
		{
			"byteLength": 1149700,
			"uri": "man2_opt.bin"
		}
	],
	"extensionsRequired": [
		"KHR_texture_basisu"
	],
	"extensionsUsed": [
		"KHR_texture_basisu"
	],
	"images": [
		{
			"mimeType": "image/ktx2",
			"name": "adskMatman2basecolortexture.png",
			"uri": "adskMatman2basecolortexture.png.ktx2"
		}
	],
	"materials": [
		{
			"name": "adskMatman2",
			"pbrMetallicRoughness": {
				"baseColorTexture": {
					"index": 0
				},
				"metallicFactor": 0.05999999865889549,
				"roughnessFactor": 0.9100000262260437
			}
		}
	],
	"meshes": [
		{
			"name": "man2",
			"primitives": [
				{
					"attributes": {
						"NORMAL": 1,
						"POSITION": 2,
						"TEXCOORD_0": 3
					},
					"indices": 0,
					"material": 0,
					"mode": 4
				}
			]
		}
	],
	"nodes": [
		{
			"matrix": [
				0.01,
				0.0,
				0.0,
				0.0,
				0.0,
				0.01,
				0.0,
				0.0,
				0.0,
				0.0,
				0.01,
				0.0,
				0.0,
				0.0,
				0.0,
				1.0
			],
			"mesh": 0,
			"name": "man2"
		},
		{
			"children": [
				0
			],
			"matrix": [
				0.26468533277511597,
				0.0,
				-0.9643348455429075,
				0.0,
				-0.9643348455429075,
				0.0,
				-0.264685332775116,
				0.0,
				0.0,
				1.0,
				0.0,
				0.0,
				0.0,
				0.0,
				0.0,
				1.0
			]
		},
		{
			"matrix": [
				-0.9445999860763552,
				1.110223053375975e-16,
				-0.3282238841056824,
				0.0,
				-0.3282238841056824,
				2.22044610675195e-16,
				0.9445999860763551,
				0.0,
				1.6653345369377343e-16,
				0.9999999999999996,
				-2.2204460492503123e-16,
				0.0,
				1.072557830810547,
				0.20195823669433594,
				0.43789283752441405,
				1.0
			]
		},
		{
			"matrix": [
				0.8389541506767275,
				2.6469779349529132e-23,
				0.544202089309692,
				0.0,
				-8.866177753102955e-08,
				0.9999999999999991,
				1.3668298547031891e-07,
				0.0,
				-0.5442020893096918,
				-1.6292068256150838e-07,
				0.8389541506767273,
				0.0,
				0.6663145446777344,
				1.0880740356445313,
				-0.5283295440673829,
				1.0
			]
		}
	],
	"scenes": [
		{
			"nodes": [
				1,
				2,
				3
			]
		}
	],
	"textures": [
		{
			"extensions": {
				"KHR_texture_basisu": {
					"source": 0
				}
			},
			"name": "texture_source0_sampler0"
		}
	]
}